IP最后一组数为端口号
EB 01 FF 37 09 00 13 23 19 80 1B 2F
 01 08 00 13 20 19 80 1C 16
 01 08 00 13 23 19 80 25 13 
 01 08 00 13 20 19 80 25 1A 
 01 08 00 13 21 19 80 25 22 
 01 09 00 13 21 19 80 25 22 
 01 0E 00 13 21 19 80 25 22 
 01 0F 00 13 21 39 80 25 22 
 01 08 00 13 21 39 80 25 22 
 01 09 00 13 21 39 80 25 22 
 01 0A 00 13 21 39 80 25 22 
 01 0B 00 13 21 39 80 25 22 
 01 0C 00 13 21 39 80 25 22 
 01 0D 00 13 23 19 80 25 28 
 01 08 00 13 20 19 80 27 03 
 01 08 00 13 22 39 80 27 0B 
 01 0B 00 13 22 39 80 27 0B 
 01 0D 00 13 21 39 80 27 0B 
 01 0E 00 13 23 19 80 2C 35 
 01 08 00 13 20 19 80 2C 3A 
 01 08 00 13 21 19 80 2D 06 
 01 0C 00 13 21 19 80 2D 06 
 01 0E 00 13 21 19 80 2D 06 
 01 0F 00 13 21 39 80 2D 06 
 01 09 00 13 21 39 80 2D 06 
 01 0A 00 13 21 39 80 2D 06 
 01 0B 00 13 21 39 80 2D 06 
 01 0C 00 13 21 39 80 2D 06 
 01 0D 00 13 21 39 80 2D 06 
 01 0E 00 13 21 39 80 2D 06 
 01 0F 00 13 23 19 88 13 39 
 01 08 00 13 20 19 88 14 01 01 08 00 13 21 19 88 14 0A 
 01 0B 00 13 21 39 88 14 0A 01 08 00 13 21 39 88 14 0A 
 01 0A 00 13 21 39 88 14 0A 01 0B 00 13 21 39 88 14 0A 
 01 0C 00 13 21 39 88 14 0A 01 0D 00 13 21 39 88 14 0A 
 01 0E 00 13 21 39 88 14 0A 01 0F 00 13 23 19 88 14 12 
 01 08 00 13 20 19 88 14 16 01 08 00 13 23 19 88 14 23 
 01 08 00 13 20 19 88 15 02 01 08 00 13 21 19 88 15 0A 
 01 0F 00 13 22 39 88 15 0A 01 0D 00 13 23 19 88 15 0E 
 01 08 00 13 20 19 88 15 13 01 08 00 13 23 19 88 18 0C 
 01 08 00 13 20 19 88 18 11 01 08 00 13 21 39 88 18 19 
 01 08 00 13 21 39 88 18 19 01 09 00 13 21 39 88 18 19 
 01 0A 00 13 21 39 88 18 19 01 0B 00 13 21 39 88 18 19 
 01 0C 00 13 21 39 88 18 19 01 0D 00 13 21 39 88 18 19 
 01 0F 00 13 23 19 88 18 1D 01 08 00 13 20 19 88 18 21 
 01 08 00 13 22 39 88 18 29 01 0B 00 13 21 39 88 18 29 
 01 0E 00 13 23 19 88 18 2E 01 08 00 13 20 19 88 19 2D 
 01 08 00 13 21 39 88 19 35 01 0B 00 13 22 39 88 19 35 
 01 0D 00 13 22 39 88 19 35 01 0F 00 13 23 19 88 19 39 
 01 08 00 13 20 19 88 1A 02 01 08 00 13 21 39 88 1A 0A 
 01 0F 00 13 23 19 88 1A 0E 01 08 00 13 20 19 88 1A 15 
 01 08 00 13 23 19 88 1A 21 01 08 00 13 20 19 88 1B 1A 
 01 08 00 13 23 19 88 1B 1C 01 10 00 13 22 39 88 1B 23 
 01 0F 00 13 23 19 88 32 2F 01 10 00 13 20 19 90 0E 34 
 01 10 00 13 21 39 90 0F 00 01 17 00 13 23 19 90 0F 04 
 01 10 00 13 20 19 90 0F 0C 01 10 00 13 23 19 90 0F 15 
 01 10 00 13 20 19 90 10 02 01 10 00 13 21 39 90 10 0A 
 01 16 00 13 23 19 90 10 0C 01 10 00 13 20 19 90 10 11 
 01 10 00 13 21 39 90 10 19 01 15 00 13 23 19 90 10 1C 
 01 10 00 13 20 19 90 10 30 01 10 00 13 22 19 90 10 38 
 01 11 00 13 22 19 90 10 38 01 12 00 13 22 19 90 10 38 
 01 13 00 13 22 19 90 10 38 01 14 00 13 22 19 90 10 38 
 01 15 00 13 22 19 90 10 38 01 16 00 13 22 19 90 10 38 
 01 17 00 13 22 39 90 10 38 01 10 00 13 22 39 90 10 38 
 01 11 00 13 22 39 90 10 38 01 12 00 13 22 39 90 10 38 
 01 13 00 13 22 39 90 10 38 01 14 00 13 21 39 90 10 38 
 01 15 00 13 21 39 90 10 38 01 16 00 13 21 39 90 10 38 01 17 00 13 23 19 90 10 39 01 10 00 13 20 19 90 11 04 01 10 00 13 21 39 90 11 0C 01 14 00 13 23 19 90 11 0E 01 10 00 13 20 19 90 11 14 01 10 00 13 21 39 90 11 1C 01 13 00 13 23 19 90 11 1E 01 10 00 13 20 19 90 11 26 01 10 00 13 21 39 90 11 2E 01 12 00 13 23 19 90 11 2F 01 10 00 13 20 19 90 11 35 01 10 00 13 21 39 90 12 01 01 11 00 13 23 19 90 12 03 01 10 00 13 20 19 90 12 08 01 10 00 13 21 39 90 12 10 01 10 00 13 23 19 90 12 12 01 10 00 13 20 19 90 12 18 01 10 00 13 21 19 90 12 20 01 17 00 13 23 19 90 12 21 01 10 00 13 20 19 90 12 27 01 10 00 13 21 19 90 12 2F 01 16 00 13 23 19 90 12 31 01 10 00 13 20 19 90 12 38 01 10 00 13 23 19 90 13 00 01 10 00 13 21 19 90 13 04 01 15 00 13 20 19 90 13 12 01 10 00 13 21 19 90 13 1A 01 14 00 13 23 19 90 13 1C 01 10 00 13 20 19 90 13 21 01 10 00 13 21 19 90 13 2A 01 13 00 13 23 19 90 13 2B 01 10 00 13 20 19 90 13 32 01 10 00 13 21 19 90 13 3A 01 12 00 13 23 19 90 14 00 01 10 00 13 20 19 90 14 05 01 10 00 13 21 19 90 14 0D 01 11 00 13 23 19 90 1C 1C 01 10 00 13 20 19 90 1D 0A 01 10 00 13 22 19 90 1D 12 01 17 00 13 23 19 90 1D 19 01 10 00 13 20 19 90 1E 0F 01 10 00 13 23 19 90 1E 31 01 10 00 13 20 19 90 1F 20 01 10 00 13 21 19 90 1F 28 01 17 00 13 22 39 90 1F 28 01 15 00 13 23 19 90 1F 34 01 10 00 13 20 19 90 20 39 01 10 00 13 21 39 90 21 05 01 15 00 13 31 0C 80 1F 26 01 40 08 13 32 0C 80 1F 2A 01 40 08 13 30 0C 80 1F 2C 01 40 08 13 32 0C 80 23 05 01 20 04 13 30 0C 80 23 0A 01 20 04 13 33 0C 80 30 23 01 10 00 13 30 0C 80 30 35 01 10 00 13 31 0C 80 31 01 01 15 00 13 31 2C 80 31 01 01 14 00 13 31 2C 80 31 01 01 15 00 13 31 2C 80 31 01 01 17 00 13 33 0C 80 31 0A 01 10 00 13 30 0C 80 31 0E 01 10 00 13 32 0C 80 31 16 01 15 00 13 33 0C 80 31 27 01 10 00 13 30 0C 80 31 3A 01 10 00 13 33 0C 80 32 0B 01 10 00 13 30 0C 80 32 10 01 10 00 13 32 2C 80 32 19 01 15 00 13 33 0C 80 32 24 01 10 00 13 30 0C 80 32 28 01 10 00 13 31 0C 80 32 31 01 15 00 13 33 0C 80 32 3B 01 10 00 13 30 0C 80 33 03 01 10 00 13 33 0C 80 33 10 01 10 00 13 30 0C 80 33 17 01 10 00 13 33 0C 80 33 2C 01 10 00 13 30 0C 80 34 09 01 10 00 13 32 0C 80 34 11 01 15 00 13 33 0C 80 34 16 01 10 00 13 30 0C 80 34 35 01 10 00 13 31 0C 80 35 01 01 15 00 13 32 2C 80 35 01 01 13 00 13 31 2C 80 35 01 01 15 00 13 33 0C 80 35 09 01 10 00 13 30 0C 80 35 11 01 10 00 13 33 0C 80 35 1C 01 10 00 13 30 0C 80 35 25 01 10 00 13 31 2C 80 35 2D 01 13 00 13 33 0C 80 35 32 01 10 00 13 30 0C 80 35 34 01 10 00 13 32 0C 80 36 01 01 12 00 13 33 0C 80 36 03 01 10 00 13 30 0C 80 36 07 01 10 00 13 33 0C 80 36 18 01 10 00 13 30 0C 80 36 20 01 10 00 13 31 0C 80 36 28 01 12 00 13 33 0C 80 36 2E 01 10 00 13 30 0C 80 3A 28 01 10 00 13 32 0C 80 3A 30 01 12 00 13 32 0C 80 3A 30 01 13 00 13 32 0C 80 3A 30 01 14 00 13 32 0C 80 3A 30 01 15 00 13 32 0C 80 3A 30 01 16 00 13 32 0C 80 3A 30 01 17 00 13 32 2C 80 3A 30 01 10 00 13 32 2C 80 3A 30 01 11 00 13 32 2C 80 3A 30 01 12 00 13 32 2C 80 3A 30 01 13 00 13 32 2C 80 3A 30 01 14 00 13 32 2C 80 3A 30 01 15 00 13 32 2C 80 3A 30 01 16 00 13 33 0C 80 3A 36 01 10 00 13 30 0C 80 3B 03 01 10 00 13 32 0C 80 3B 0B 01 11 00 13 33 0C 80 3B 11 01 08 00 13 30 0C 80 3B 1D 01 08 00 13 33 0C 80 3B 22 01 10 00 13 31 0C 80 3B 25 01 0C 00 13 31 2C 80 3B 25 01 0B 00 13 31 2C 80 3B 25 01 0C 00 13 31 2C 80 3B 25 01 0D 00 13 31 2C 80 3B 25 01 0E 00 13 31 2C 80 3B 25 01 0F 00 13 32 2C 80 3B 2B 01 17 00 13 30 0C 80 3B 2D 01 18 00 13 30 0C 80 3B 30 01 10 00 13 33 0C 80 3B 34 01 10 00 13 30 0C 80 3B 37 01 10 00 13 31 2C 88 00 03 01 17 00 13 33 0C 88 00 1A 01 10 00 13 30 0C 88 00 1E 01 10 00 13 33 0C 88 00 29 01 08 00 13 30 0C 88 01 02 01 08 00 13 33 0C 88 01 04 01 10 00 13 30 0C 88 01 08 01 10 00 13 32 0C 88 01 0B 01 0D 00 13 32 2C 88 01 0B 01 08 00 13 33 0C 88 01 19 01 08 00 13 30 0C 88 01 25 01 08 00 13 33 0C 88 01 28 01 08 00 13 30 0C 88 01 2D 01 08 00 13 33 0C 88 01 32 01 10 00 13 32 2C 88 01 35 01 09 00 13 32 2C 88 01 35 01 0A 00 13 32 2C 88 01 35 01 0B 00 13 32 2C 88 01 35 01 0D 00 13 33 0C 88 01 38 01 08 00 13 30 0C 88 02 10 01 08 00 13 30 0C 88 02 15 01 10 00 13 31 2C 88 02 19 01 09 00 13 31 2C 88 02 19 01 0A 00 13 31 2C 88 02 19 01 0B 00 13 32 2C 88 02 19 01 0E 00 13 33 0C 88 02 22 01 18 00 EB 01 FF 33 01 70 13 03 11 09 16 0A 12 00 01 01 01 11 12 11 11 12 11 11 11 11 11 11 11 12 12 11 00 02 00 12 12 12 12 12 12 12 12 12 12 12 12 12 12 12 00 03 00 00 00 00 00 00 00 00 00 00 00 00 00 00 00 00 00 04 00 00 00 00 00 00 00 00 00 00 00 00 00 00 00 00 00 05 00 00 00 00 00 00 00 00 00 00 00 00 00 00 00 00 00 06 00 00 00 00 00 00 00 00 00 00 00 00 00 00 00 00 00 07 00 00 00 00 00 00 00 00 00 00 00 00 00 00 00 00 00 08 00 00 00 00 00 00 00 00 00 00 00 00 00 00 00 00 00 09 00 00 00 00 00 00 00 00 00 00 00 00 00 00 00 00 00 0A 00 00 00 00 00 00 00 00 00 00 00 00 00 00 00 00 00 0B 00 00 00 00 00 00 00 00 00 00 00 00 00 00 00 00 00 0C 00 00 00 00 00 00 00 00 00 00 00 00 00 00 00 00 00 0D 00 00 00 00 00 00 00 00 00 00 00 00 00 00 00 00 00 0E 00 00 00 00 00 00 00 00 00 00 00 00 00 00 00 00 00 0F 00 00 00 00 00 00 00 00 00 00 00 00 00 00 00 00 01 10 00 00 00 00 00 00 00 00 00 00 00 00 00 00 00 00 00 11 00 00 00 00 00 00 00 00 00 00 00 00 00 00 00 00 00 12 00 00 00 00 00 00 00 00 00 00 00 00 00 00 00 00 00 13 00 00 00 00 00 00 00 00 00 00 00 00 00 00 00 00 00 14 00 00 00 00 00 00 00 00 00 00 00 00 00 00 00 00 EB 01 FF 37 01 32 13 30 0C 88 02 25 01 18 00 13 33 0C 88 02 28 01 10 00 13 30 0C 88 02 2C 01 10 00 13 33 0C 88 03 0F 01 10 00 13 30 0C 88 03 17 01 10 00 13 33 0C 88 03 29 01 10 00 13 30 0C 88 03 32 01 10 00 13 31 0C 88 05 0D 01 08 01 13 32 0C 88 05 17 01 08 01 13 30 0C 88 05 1B 01 08 01 13 33 0C 88 05 1F 01 10 00 13 33 0C 88 05 22 01 08 01 13 32 0C 88 05 22 01 0A 01 13 31 2C 88 05 22 01 08 01 13 32 2C 88 05 22 01 0A 01 13 31 2C 88 05 22 01 0E 01 13 30 0C 88 05 31 01 08 01 13 30 0C 88 05 34 01 10 00 13 31 2C 88 05 39 01 0D 01 13 33 0C 88 0C 33 01 10 00 13 33 0C 88 0D 34 01 38 00 13 30 0C 88 11 34 01 38 00 13 30 0C 88 12 28 01 10 00 13 31 0C A0 17 3A 01 08 01 13 32 0C A0 18 08 01 08 01 13 30 0C B8 15 23 01 08 01 13 31 2C B8 15 2C 01 0A 01 13 31 11 48 00 0F 01 08 01 13 32 11 48 00 19 01 08 01 13 30 11 48 01 1D 01 08 01 13 32 31 48 01 25 01 0D 01 13 32 31 48 01 25 01 0E 01 13 31 11 48 16 0A 01 08 01 00 00 00 00 00 00 00 00 00 EB 01 FF 33 01 70 13 03 11 09 16 0A 12 00 01 01 01 11 12 11 11 12 11 11 11 11 11 11 11 12 12 11 00 02 00 12 12 12 12 12 12 12 12 12 12 12 12 12 12 12 00 03 00 00 00 00 00 00 00 00 00 00 00 00 00 00 00 00 00 04 00 00 00 00 00 00 00 00 00 00 00 00 00 00 00 00 00 05 00 00 00 00 00 00 00 00 00 00 00 00 00 00 00 00 00 06 00 00 00 00 00 00 00 00 00 00 00 00 00 00 00 00 00 07 00 00 00 00 00 00 00 00 00 00 00 00 00 00 00 00 00 08 00 00 00 00 00 00 00 00 00 00 00 00 00 00 00 00 00 09 00 00 00 00 00 00 00 00 00 00 00 00 00 00 00 00 00 0A 00 00 00 00 00 00 00 00 00 00 00 00 00 00 00 00 00 0B 00 00 00 00 00 00 00 00 00 00 00 00 00 00 00 00 00 0C 00 00 00 00 00 00 00 00 00 00 00 00 00 00 00 00 00 0D 00 00 00 00 00 00 00 00 00 00 00 00 00 00 00 00 00 0E 00 00 00 00 00 00 00 00 00 00 00 00 00 00 00 00 00 0F 00 00 00 00 00 00 00 00 00 00 00 00 00 00 00 00 01 10 00 00 00 00 00 00 00 00 00 00 00 00 00 00 00 00 00 11 00 00 00 00 00 00 00 00 00 00 00 00 00 00 00 00 00 12 00 00 00 00 00 00 00 00 00 00 00 00 00 00 00 00 00 13 00 00 00 00 00 00 00 00 00 00 00 00 00 00 00 00 00 14 00 00 00 00 00 00 00 00 00 00 00 00 00 00 00 00 EB 01 FF 37 09 00 13 23 19 80 1B 2F 01 08 00 13 20 19 80 1C 16 01 08 00 13 23 19 80 25 13 01 08 00 13 20 19 80 25 1A 01 08 00 13 21 19 80 25 22 01 09 00 13 21 19 80 25 22 01 0E 00 13 21 19 80 25 22 01 0F 00 13 21 39 80 25 22 01 08 00 13 21 39 80 25 22 01 09 00 13 21 39 80 25 22 01 0A 00 13 21 39 80 25 22 01 0B 00 13 21 39 80 25 22 01 0C 00 13 21 39 80 25 22 01 0D 00 13 23 19 80 25 28 01 08 00 13 20 19 80 27 03 01 08 00 13 22 39 80 27 0B 01 0B 00 13 22 39 80 27 0B 01 0D 00 13 21 39 80 27 0B 01 0E 00 13 23 19 80 2C 35 01 08 00 13 20 19 80 2C 3A 01 08 00 13 21 19 80 2D 06 01 0C 00 13 21 19 80 2D 06 01 0E 00 13 21 19 80 2D 06 01 0F 00 13 21 39 80 2D 06 01 09 00 13 21 39 80 2D 06 01 0A 00 13 21 39 80 2D 06 01 0B 00 13 21 39 80 2D 06 01 0C 00 13 21 39 80 2D 06 01 0D 00 13 21 39 80 2D 06 01 0E 00 13 21 39 80 2D 06 01 0F 00 13 23 19 88 13 39 01 08 00 13 20 19 88 14 01 01 08 00 13 21 19 88 14 0A 01 0B 00 13 21 39 88 14 0A 01 08 00 13 21 39 88 14 0A 01 0A 00 13 21 39 88 14 0A 01 0B 00 13 21 39 88 14 0A 01 0C 00 13 21 39 88 14 0A 01 0D 00 13 21 39 88 14 0A 01 0E 00 13 21 39 88 14 0A 01 0F 00 13 23 19 88 14 12 01 08 00 13 20 19 88 14 16 01 08 00 13 23 19 88 14 23 01 08 00 13 20 19 88 15 02 01 08 00 13 21 19 88 15 0A 01 0F 00 13 22 39 88 15 0A 01 0D 00 13 23 19 88 15 0E 01 08 00 13 20 19 88 15 13 01 08 00 13 23 19 88 18 0C 01 08 00 13 20 19 88 18 11 01 08 00 13 21 39 88 18 19 01 08 00 13 21 39 88 18 19 01 09 00 13 21 39 88 18 19 01 0A 00 13 21 39 88 18 19 01 0B 00 13 21 39 88 18 19 01 0C 00 13 21 39 88 18 19 01 0D 00 13 21 39 88 18 19 01 0F 00 13 23 19 88 18 1D 01 08 00 13 20 19 88 18 21 01 08 00 13 22 39 88 18 29 01 0B 00 13 21 39 88 18 29 01 0E 00 13 23 19 88 18 2E 01 08 00 13 20 19 88 19 2D 01 08 00 13 21 39 88 19 35 01 0B 00 13 22 39 88 19 35 01 0D 00 13 22 39 88 19 35 01 0F 00 13 23 19 88 19 39 01 08 00 13 20 19 88 1A 02 01 08 00 13 21 39 88 1A 0A 01 0F 00 13 23 19 88 1A 0E 01 08 00 13 20 19 88 1A 15 01 08 00 13 23 19 88 1A 21 01 08 00 13 20 19 88 1B 1A 01 08 00 13 23 19 88 1B 1C 01 10 00 13 22 39 88 1B 23 01 0F 00 13 23 19 88 32 2F 01 10 00 13 20 19 90 0E 34 01 10 00 13 21 39 90 0F 00 01 17 00 13 23 19 90 0F 04 01 10 00 13 20 19 90 0F 0C 01 10 00 13 23 19 90 0F 15 01 10 00 13 20 19 90 10 02 01 10 00 13 21 39 90 10 0A 01 16 00 13 23 19 90 10 0C 01 10 00 13 20 19 90 10 11 01 10 00 13 21 39 90 10 19 01 15 00 13 23 19 90 10 1C 01 10 00 13 20 19 90 10 30 01 10 00 13 22 19 90 10 38 01 11 00 13 22 19 90 10 38 01 12 00 13 22 19 90 10 38 01 13 00 13 22 19 90 10 38 01 14 00 13 22 19 90 10 38 01 15 00 13 22 19 90 10 38 01 16 00 13 22 19 90 10 38 01 17 00 13 22 39 90 10 38 01 10 00 13 22 39 90 10 38 01 11 00 13 22 39 90 10 38 01 12 00 13 22 39 90 10 38 01 13 00 13 22 39 90 10 38 01 14 00 13 21 39 90 10 38 01 15 00 13 21 39 90 10 38 01 16 00 13 21 39 90 10 38 01 17 00 13 23 19 90 10 39 01 10 00 13 20 19 90 11 04 01 10 00 13 21 39 90 11 0C 01 14 00 13 23 19 90 11 0E 01 10 00 13 20 19 90 11 14 01 10 00 13 21 39 90 11 1C 01 13 00 13 23 19 90 11 1E 01 10 00 13 20 19 90 11 26 01 10 00 13 21 39 90 11 2E 01 12 00 13 23 19 90 11 2F 01 10 00 13 20 19 90 11 35 01 10 00 13 21 39 90 12 01 01 11 00 13 23 19 90 12 03 01 10 00 13 20 19 90 12 08 01 10 00 13 21 39 90 12 10 01 10 00 13 23 19 90 12 12 01 10 00 13 20 19 90 12 18 01 10 00 13 21 19 90 12 20 01 17 00 13 23 19 90 12 21 01 10 00 13 20 19 90 12 27 01 10 00 13 21 19 90 12 2F 01 16 00 13 23 19 90 12 31 01 10 00 13 20 19 90 12 38 01 10 00 13 23 19 90 13 00 01 10 00 13 21 19 90 13 04 01 15 00 13 20 19 90 13 12 01 10 00 13 21 19 90 13 1A 01 14 00 13 23 19 90 13 1C 01 10 00 13 20 19 90 13 21 01 10 00 13 21 19 90 13 2A 01 13 00 13 23 19 90 13 2B 01 10 00 13 20 19 90 13 32 01 10 00 13 21 19 90 13 3A 01 12 00 13 23 19 90 14 00 01 10 00 13 20 19 90 14 05 01 10 00 13 21 19 90 14 0D 01 11 00 13 23 19 90 1C 1C 01 10 00 13 20 19 90 1D 0A 01 10 00 13 22 19 90 1D 12 01 17 00 13 23 19 90 1D 19 01 10 00 13 20 19 90 1E 0F 01 10 00 13 23 19 90 1E 31 01 10 00 13 20 19 90 1F 20 01 10 00 13 21 19 90 1F 28 01 17 00 13 22 39 90 1F 28 01 15 00 13 23 19 90 1F 34 01 10 00 13 20 19 90 20 39 01 10 00 13 21 39 90 21 05 01 15 00 13 31 0C 80 1F 26 01 40 08 13 32 0C 80 1F 2A 01 40 08 13 30 0C 80 1F 2C 01 40 08 13 32 0C 80 23 05 01 20 04 13 30 0C 80 23 0A 01 20 04 13 33 0C 80 30 23 01 10 00 13 30 0C 80 30 35 01 10 00 13 31 0C 80 31 01 01 15 00 13 31 2C 80 31 01 01 14 00 13 31 2C 80 31 01 01 15 00 13 31 2C 80 31 01 01 17 00 13 33 0C 80 31 0A 01 10 00 13 30 0C 80 31 0E 01 10 00 13 32 0C 80 31 16 01 15 00 13 33 0C 80 31 27 01 10 00 13 30 0C 80 31 3A 01 10 00 13 33 0C 80 32 0B 01 10 00 13 30 0C 80 32 10 01 10 00 13 32 2C 80 32 19 01 15 00 13 33 0C 80 32 24 01 10 00 13 30 0C 80 32 28 01 10 00 13 31 0C 80 32 31 01 15 00 13 33 0C 80 32 3B 01 10 00 13 30 0C 80 33 03 01 10 00 13 33 0C 80 33 10 01 10 00 13 30 0C 80 33 17 01 10 00 13 33 0C 80 33 2C 01 10 00 13 30 0C 80 34 09 01 10 00 13 32 0C 80 34 11 01 15 00 13 33 0C 80 34 16 01 10 00 13 30 0C 80 34 35 01 10 00 13 31 0C 80 35 01 01 15 00 13 32 2C 80 35 01 01 13 00 13 31 2C 80 35 01 01 15 00 13 33 0C 80 35 09 01 10 00 13 30 0C 80 35 11 01 10 00 13 33 0C 80 35 1C 01 10 00 13 30 0C 80 35 25 01 10 00 13 31 2C 80 35 2D 01 13 00 13 33 0C 80 35 32 01 10 00 13 30 0C 80 35 34 01 10 00 13 32 0C 80 36 01 01 12 00 13 33 0C 80 36 03 01 10 00 13 30 0C 80 36 07 01 10 00 13 33 0C 80 36 18 01 10 00 13 30 0C 80 36 20 01 10 00 13 31 0C 80 36 28 01 12 00 13 33 0C 80 36 2E 01 10 00 13 30 0C 80 3A 28 01 10 00 13 32 0C 80 3A 30 01 12 00 13 32 0C 80 3A 30 01 13 00 13 32 0C 80 3A 30 01 14 00 13 32 0C 80 3A 30 01 15 00 13 32 0C 80 3A 30 01 16 00 13 32 0C 80 3A 30 01 17 00 13 32 2C 80 3A 30 01 10 00 13 32 2C 80 3A 30 01 11 00 13 32 2C 80 3A 30 01 12 00 13 32 2C 80 3A 30 01 13 00 13 32 2C 80 3A 30 01 14 00 13 32 2C 80 3A 30 01 15 00 13 32 2C 80 3A 30 01 16 00 13 33 0C 80 3A 36 01 10 00 13 30 0C 80 3B 03 01 10 00 13 32 0C 80 3B 0B 01 11 00 13 33 0C 80 3B 11 01 08 00 13 30 0C 80 3B 1D 01 08 00 13 33 0C 80 3B 22 01 10 00 13 31 0C 80 3B 25 01 0C 00 13 31 2C 80 3B 25 01 0B 00 13 31 2C 80 3B 25 01 0C 00 13 31 2C 80 3B 25 01 0D 00 13 31 2C 80 3B 25 01 0E 00 13 31 2C 80 3B 25 01 0F 00 13 32 2C 80 3B 2B 01 17 00 13 30 0C 80 3B 2D 01 18 00 13 30 0C 80 3B 30 01 10 00 13 33 0C 80 3B 34 01 10 00 13 30 0C 80 3B 37 01 10 00 13 31 2C 88 00 03 01 17 00 13 33 0C 88 00 1A 01 10 00 13 30 0C 88 00 1E 01 10 00 13 33 0C 88 00 29 01 08 00 13 30 0C 88 01 02 01 08 00 13 33 0C 88 01 04 01 10 00 13 30 0C 88 01 08 01 10 00 13 32 0C 88 01 0B 01 0D 00 13 32 2C 88 01 0B 01 08 00 13 33 0C 88 01 19 01 08 00 13 30 0C 88 01 25 01 08 00 13 33 0C 88 01 28 01 08 00 13 30 0C 88 01 2D 01 08 00 13 33 0C 88 01 32 01 10 00 13 32 2C 88 01 35 01 09 00 13 32 2C 88 01 35 01 0A 00 13 32 2C 88 01 35 01 0B 00 13 32 2C 88 01 35 01 0D 00 13 33 0C 88 01 38 01 08 00 13 30 0C 88 02 10 01 08 00 13 30 0C 88 02 15 01 10 00 13 31 2C 88 02 19 01 09 00 13 31 2C 88 02 19 01 0A 00 13 31 2C 88 02 19 01 0B 00 13 32 2C 88 02 19 01 0E 00 13 33 0C 88 02 22 01 18 00 EB 01 FF 33 01 70 13 03 11 09 16 15 12 00 01 01 02 11 12 11 11 12 11 11 11 11 11 11 11 12 12 11 00 02 00 12 12 12 12 12 12 12 12 12 12 12 12 12 12 12 00 03 00 00 00 00 00 00 00 00 00 00 00 00 00 00 00 00 00 04 00 00 00 00 00 00 00 00 00 00 00 00 00 00 00 00 00 05 00 00 00 00 00 00 00 00 00 00 00 00 00 00 00 00 00 06 00 00 00 00 00 00 00 00 00 00 00 00 00 00 00 00 00 07 00 00 00 00 00 00 00 00 00 00 00 00 00 00 00 00 00 08 00 00 00 00 00 00 00 00 00 00 00 00 00 00 00 00 00 09 00 00 00 00 00 00 00 00 00 00 00 00 00 00 00 00 00 0A 00 00 00 00 00 00 00 00 00 00 00 00 00 00 00 00 00 0B 00 00 00 00 00 00 00 00 00 00 00 00 00 00 00 00 00 0C 00 00 00 00 00 00 00 00 00 00 00 00 00 00 00 00 00 0D 00 00 00 00 00 00 00 00 00 00 00 00 00 00 00 00 00 0E 00 00 00 00 00 00 00 00 00 00 00 00 00 00 00 00 00 0F 00 00 00 00 00 00 00 00 00 00 00 00 00 00 00 00 01 10 00 00 00 00 00 00 00 00 00 00 00 00 00 00 00 00 00 11 00 00 00 00 00 00 00 00 00 00 00 00 00 00 00 00 00 12 00 00 00 00 00 00 00 00 00 00 00 00 00 00 00 00 00 13 00 00 00 00 00 00 00 00 00 00 00 00 00 00 00 00 00 14 00 00 00 00 00 00 00 00 00 00 00 00 00 00 00 00 EB 01 FF 37 01 3B 13 30 0C 88 02 25 01 18 00 13 33 0C 88 02 28 01 10 00 13 30 0C 88 02 2C 01 10 00 13 33 0C 88 03 0F 01 10 00 13 30 0C 88 03 17 01 10 00 13 33 0C 88 03 29 01 10 00 13 30 0C 88 03 32 01 10 00 13 31 0C 88 05 0D 01 08 01 13 32 0C 88 05 17 01 08 01 13 30 0C 88 05 1B 01 08 01 13 33 0C 88 05 1F 01 10 00 13 33 0C 88 05 22 01 08 01 13 32 0C 88 05 22 01 0A 01 13 31 2C 88 05 22 01 08 01 13 32 2C 88 05 22 01 0A 01 13 31 2C 88 05 22 01 0E 01 13 30 0C 88 05 31 01 08 01 13 30 0C 88 05 34 01 10 00 13 31 2C 88 05 39 01 0D 01 13 33 0C 88 0C 33 01 10 00 13 33 0C 88 0D 34 01 38 00 13 30 0C 88 11 34 01 38 00 13 30 0C 88 12 28 01 10 00 13 31 0C A0 17 3A 01 08 01 13 32 0C A0 18 08 01 08 01 13 30 0C B8 15 23 01 08 01 13 31 2C B8 15 2C 01 0A 01 13 31 11 48 00 0F 01 08 01 13 32 11 48 00 19 01 08 01 13 30 11 48 01 1D 01 08 01 13 32 31 48 01 25 01 0D 01 13 32 31 48 01 25 01 0E 01 13 31 11 48 16 0A 01 08 01 13 32 11 48 16 15 01 08 01 00 00 00 00 00 00 00 00 00 EB 01 FF 33 01 70 13 03 11 09 16 15 12 00 01 01 02 11 12 11 11 12 11 11 11 11 11 11 11 12 12 11 00 02 00 12 12 12 12 12 12 12 12 12 12 12 12 12 12 12 00 03 00 00 00 00 00 00 00 00 00 00 00 00 00 00 00 00 00 04 00 00 00 00 00 00 00 00 00 00 00 00 00 00 00 00 00 05 00 00 00 00 00 00 00 00 00 00 00 00 00 00 00 00 00 06 00 00 00 00 00 00 00 00 00 00 00 00 00 00 00 00 00 07 00 00 00 00 00 00 00 00 00 00 00 00 00 00 00 00 00 08 00 00 00 00 00 00 00 00 00 00 00 00 00 00 00 00 00 09 00 00 00 00 00 00 00 00 00 00 00 00 00 00 00 00 00 0A 00 00 00 00 00 00 00 00 00 00 00 00 00 00 00 00 00 0B 00 00 00 00 00 00 00 00 00 00 00 00 00 00 00 00 00 0C 00 00 00 00 00 00 00 00 00 00 00 00 00 00 00 00 00 0D 00 00 00 00 00 00 00 00 00 00 00 00 00 00 00 00 00 0E 00 00 00 00 00 00 00 00 00 00 00 00 00 00 00 00 00 0F 00 00 00 00 00 00 00 00 00 00 00 00 00 00 00 00 01 10 00 00 00 00 00 00 00 00 00 00 00 00 00 00 00 00 00 11 00 00 00 00 00 00 00 00 00 00 00 00 00 00 00 00 00 12 00 00 00 00 00 00 00 00 00 00 00 00 00 00 00 00 00 13 00 00 00 00 00 00 00 00 00 00 00 00 00 00 00 00 00 14 00 00 00 00 00 00 00 00 00 00 00 00 00 00 00 00 
